return {
	WaistRotation=math.rad(35);
	ThirdPersonWaistOffset=math.rad(10);
	
	AimDownViewModel=CFrame.new(-0.741422176, -0.639521062, 0.0495908931, 0.995796084, 0.0174535587, -0.089920029, -0.0128107844, 0.998567402, 0.0519531146, 0.0906979665, -0.0505827591, 0.994593084);
	--HipFireViewModel=CFrame.new(0.297665358, -0.00612611324, 0.0974157751, 0.999390841, 0, -0.0348993167, 0, 1, 0, 0.0348993167, 0, 0.999390841);
	HipFireViewModel=CFrame.new(0.25239554, -0.0854202658, -0.252101183, 0.999186933, 0.00404120982, -0.0401138291, -0.00523366127, 0.99954617, -0.0296663307, 0.0399757363, 0.0298521537, 0.998754621);
}