local toolName = script.Parent:GetAttribute("ItemId");
return
	toolName == "p250" and {
		ThirdPersonWaistOffset=math.rad(10);
		WaistRotation=math.rad(5);
		
		AimDownViewModel=CFrame.new(-0.725499511, -0.706727207, 0.0734014735, 0.9999488, 0.00539059052, 0.00856543239, -0.0058724503, 0.998341739, 0.0572648384, -0.00824253727, -0.0573122054, 0.998322248);
		HipFireViewModel=CFrame.new(0.552437365, -0.309220582, -0.140148953, 0.990015805, -0.00668743858, 0.14079766, 0.0122088287, 0.999188364, -0.038387876, -0.140426666, 0.0397235788, 0.989293933);
		
	}
	or toolName == "dualp250" and {
		ThirdPersonWaistOffset=math.rad(10);
		
		AimDownViewModel=CFrame.new(-0.00458684051, -0.290152848, 0.0699842945, 0.999982893, 0.0052359472, -0.00261799106, -0.00523596536, 0.999986291, 0, 0.00261795521, 1.37077095e-05, 0.999996603);
		HipFireViewModel=CFrame.new(0.309808463, -0.0793233439, 0.042667076, 0.999989033, 0.00436483137, -0.00174532889, -0.00436331378, 0.999990106, 0.000872674224, 0.00174912077, -0.000865049078, 0.999998212);
		
	};