return {
	WaistRotation=0;
	ThirdPersonWaistOffset=math.rad(10);
	
	AimDownViewModel=CFrame.new(-0.517634988, -0.773093164, 0.41272065, 0.999575377, -0.0289306697, 0.003487729, 0.0287716724, 0.998814702, 0.0392597392, -0.0046194056, -0.0391427204, 0.999222934);
	--AimDownViewModel=CFrame.new(-0.866230428, -0.563340366, 0.841843724, 0.998961985, 0.0404903218, -0.020869825, -0.0405015275, 0.999179482, -0.00011419988, 0.0208480768, 0.000959341007, 0.999782205);
	HipFireViewModel=CFrame.new(0.430197328, -0.204394579, 0.156654894, 0.997433364, -0.0161926541, 0.0697457939, 0.0174497422, 0.99969542, -0.01745243, -0.0694419518, 0.018624682, 0.997412145);
}